2011_003309.jpg 0.987075805664 398.067022324 129.137533188 435.965387344 177.865274429
2011_003309.jpg 0.976639449596 112.736444473 126.912485123 160.606878281 171.601675034
2011_003309.jpg 0.958713233471 54.2798480988 135.528907776 97.2204418182 183.365348816
2011_003309.jpg 0.957529306412 24.2718009949 139.249111176 66.2880592346 189.310398102
2011_003309.jpg 0.953206896782 409.610269547 138.318241119 440.017721176 192.304805756
2011_003309.jpg 0.952522337437 433.416717529 119.240634918 500.01663208 245.704402924
2011_003309.jpg 0.910296797752 248.182105064 127.608627319 271.140770912 148.461685181
2011_003309.jpg 0.894003987312 106.192026138 134.073848724 136.110891342 175.423923492
2011_003309.jpg 0.861624717712 0.192122459412 110.026908875 31.3477468491 196.833198547
2011_003309.jpg 0.622659027576 418.207988739 121.375492096 468.392047882 214.788387299
2011_003309.jpg 0.554694473743 383.546510696 127.519428253 398.171628952 151.95936203
