2010_001635.jpg 0.997613489628 11.3309631348 64.8174133301 280.624969482 488.304107666
2011_002765.jpg 0.9983766675 182.143188477 21.9938812256 480.519348145 488.177658081
2012_001290.jpg 0.998505949974 301.133304596 111.599143982 403.498409271 350.540962219
2012_001290.jpg 0.99269092083 38.6508598328 80.9306030273 125.134464264 379.455871582
2012_001290.jpg 0.87933588028 213.564804077 96.1104736328 296.821853638 339.521087646
2012_001290.jpg 0.704299747944 0.00587940216064 186.893360138 30.4696054459 257.870952606
2011_003309.jpg 0.988526046276 259.552968979 120.135391235 299.822702408 195.276260376
2011_003309.jpg 0.940275371075 92.9078922272 122.027227402 112.286794662 185.383752823
2011_003309.jpg 0.924154639244 207.593556404 122.304380417 232.596018791 164.448549271
2011_003309.jpg 0.786257743835 169.026821613 123.32129097 178.154117107 157.476316452
2011_003309.jpg 0.677354156971 303.241472244 125.32431221 320.745222092 151.979948044
2011_003309.jpg 0.659617722034 184.629449129 125.772638321 192.08212924 153.764867783
2011_003309.jpg 0.582131028175 162.709765911 124.490972519 172.235424519 156.246728897
2011_003309.jpg 0.537991404533 175.738945484 125.286395073 184.607734203 155.08793354
2011_003089.jpg 0.883884012699 167.857358932 213.470575333 210.806306839 269.168493271
2011_003089.jpg 0.747821331024 82.2294797897 36.5720558167 112.371930122 76.3662223816
2011_003089.jpg 0.683448433876 242.59784317 217.386211395 274.054439545 266.306812286
2011_003089.jpg 0.64011991024 128.355009079 218.415006638 152.985506058 268.746980667
2011_003089.jpg 0.544901490211 234.711524963 214.791435242 274.850914001 350.363227844
